X Y Z
-10.000000   0.000000   0.000000
-5.000000   8.660254   0.000000
-3.571429   6.185896   -148.022783
-10.000000   0.000000   0.000000
-5.000000   0.000000   -222.122521
-3.571429   6.185896   -148.022783
-2.000000   0.000000   -119.283886
-1.111111   1.924501   -258.027901
-5.000000   0.000000   -222.122521
-2.000000   3.464102   -266.790782
-5.000000   0.000000   -222.122521
-3.571429   6.185896   -148.022783
-2.000000   3.464102   -266.790782
-1.111111   1.924501   -258.027901
-5.000000   0.000000   -222.122521
-1.000000   0.000000   -62.086756
-2.000000   0.000000   -119.283886
-1.111111   1.924501   -258.027901
-0.000000   0.000000   0.000000
-1.000000   0.000000   -62.086756
-1.111111   1.924501   -258.027901
